-1965.0
-1716.0
-1543.0
-1453.0
-1402.0
-1366.0
-1246.0
-1246.0
-1210.0
-1210.0
-1210.0
-1210.0
-1170.0
-1139.0
-1136.0
-1123.0
-1113.0
-1113.0
-1113.0
-1113.0
-1113.0
-1112.0
-1112.0
-1112.0
-1112.0
-1112.0
-1109.0
-1109.0
-1109.0
-1109.0
-1109.0
-1109.0
-1109.0
-1109.0
-1102.0
-1094.0
-1088.0
-1088.0
-1088.0
-1086.0
-1084.0
-1084.0
-1084.0
-1084.0
-1084.0
-1084.0
-1084.0
-1084.0
-1084.0
-1084.0
-1078.0
-1078.0
-1078.0
-1078.0
-1072.0
-1072.0
-1063.0
-1063.0
-1063.0
-1063.0
-1063.0
-1061.0
-1061.0
-1061.0
-1061.0
-1061.0
-1061.0
-1061.0
-1061.0
-1061.0
-1061.0
-1058.0
-1058.0
-1058.0
-1048.0
-1048.0
-1048.0
-1048.0
-1048.0
-1048.0
-1048.0
-1048.0
-1048.0
-1048.0
-1048.0
-1048.0
-1048.0
-1048.0
-1048.0
-1048.0
-1048.0
-1048.0
-1048.0
-1048.0
-1048.0
-1048.0
-1048.0
-1048.0
-1048.0
-1048.0
-1048.0
-1048.0
-1048.0
-1048.0
-1048.0
-1048.0
-1048.0
-1048.0
-1048.0
-1048.0
-1048.0
-1048.0
-1048.0
-1048.0
-1048.0
-1048.0
-1048.0
-1048.0
-1048.0
-1048.0
-1048.0
-1048.0
-1048.0
-1048.0
-1048.0
-1048.0
-1048.0
-1047.0
-1047.0
-1047.0
-1047.0
-1047.0
-1047.0
-1047.0
-1047.0
-1047.0
-1047.0
-1047.0
-1047.0
-1047.0
-1047.0
-1047.0
-1047.0
-1047.0
-1047.0
-1047.0
-1047.0
-1047.0
-1047.0
-1047.0
-1047.0
-1047.0
-1047.0
-1047.0
-1047.0
-1047.0
-1047.0
-1047.0
-1047.0
-1047.0
-1047.0
