-2718.8125
-2611.2425
-2482.03
-2431.9
-2411.5725
-2400.625
-2385.37
-2378.21
-2378.21
-2343.8375
-2338.2725
-2338.2725
-2338.2725
-2338.2725
-2338.2725
-2332.835
-2332.835
-2332.835
-2332.835
-2332.835
-2332.835
-2332.835
-2332.835
-2332.835
-2329.495
-2329.495
-2329.495
-2329.495
-2322.9975
-2322.9975
-2322.9975
-2314.8175
-2314.8175
-2314.8175
-2314.8175
-2314.8175
-2314.1625
-2314.1625
-2314.1625
-2314.1625
-2314.1625
-2314.1625
-2314.1625
-2310.6375
-2310.6375
-2310.6375
-2310.6375
-2310.6375
-2310.6375
-2310.6375
-2309.785
-2307.8725
-2307.8725
-2307.8725
-2307.8725
-2307.8725
-2306.6875
-2306.6875
-2306.6875
-2306.6875
-2306.6875
-2306.6875
-2306.6875
-2306.6875
-2306.6875
-2298.3925
-2298.3925
-2298.3925
-2298.3925
-2298.3925
-2298.3925
-2298.3925
-2298.065
-2298.065
-2298.065
-2298.065
-2298.065
-2298.065
-2298.065
-2290.695
-2290.695
