-2798.0975
-2703.3775
-2580.9375
-2574.4175
-2569.495
-2547.0575
-2532.6875
-2528.395
-2526.0875
-2520.55
-2512.6575
-2512.6575
-2509.7375
-2509.7375
-2489.9
-2489.9
-2489.9
-2489.9
-2489.9
-2489.9
-2489.9
-2489.9
-2489.9
-2485.875
-2485.875
-2485.875
-2485.875
-2485.875
-2485.875
-2485.875
-2485.875
-2485.875
-2484.6075
-2484.6075
-2484.6075
-2482.0675
-2482.0675
-2482.0675
-2482.0675
-2482.0675
-2482.0675
-2482.0675
-2482.0675
-2482.0675
-2482.0675
-2482.0675
-2480.9175
-2479.9
-2479.585
-2479.0475
-2479.0475
-2479.0475
-2479.0475
-2479.0475
-2479.0475
-2475.59
-2474.0225
-2474.0225
-2474.0225
-2472.2025
-2472.2025
-2471.0175
-2471.0175
-2471.0175
-2471.0175
-2471.0175
-2471.0175
-2471.0175
-2471.0175
-2471.0175
-2471.0175
-2471.0175
-2471.0175
-2471.0175
-2471.0175
-2471.0175
-2471.0175
-2471.0175
-2471.0175
-2471.0175
-2471.0175
