-2597.4925
-2450.5225
-2412.53
-2412.53
-2404.6725
-2390.0025
-2390.0025
-2365.595
-2356.8675
-2353.505
-2353.505
-2335.74
-2335.74
-2335.74
-2335.74
-2331.045
-2331.045
-2318.185
-2318.185
-2318.185
-2318.185
-2316.3225
-2316.3225
-2316.3225
-2316.3225
-2316.3225
-2316.3225
-2311.01
-2311.01
-2311.01
-2311.01
-2311.01
-2311.01
-2311.01
-2308.74
-2308.74
-2308.74
-2308.74
-2308.74
-2301.4475
-2301.4475
-2301.4475
-2301.4475
-2301.4475
-2301.4475
-2301.4475
-2301.4475
-2301.4475
-2301.4475
-2301.4475
-2301.4475
-2301.4475
-2301.4475
-2301.4475
-2301.4475
-2301.4475
-2301.4475
-2301.4475
-2300.4825
-2300.4825
-2300.4825
-2300.4825
-2297.9425
-2297.9425
-2297.9425
-2297.9425
-2296.8275
-2296.8275
-2296.8275
-2296.8275
-2296.8275
-2296.8275
-2296.8275
-2296.8275
-2296.8275
-2296.8275
-2296.8275
-2296.8275
-2296.8275
-2296.3825
-2296.3825
