-2238.06
-2126.66
-2096.1375
-2087.29
-2084.405
-2057.3175
-2057.3175
-2057.3175
-2057.3175
-2057.3175
-2052.5325
-2052.5325
-2029.55
-2026.5025
-2021.4875
-2021.4875
-2021.4875
-2021.4875
-2021.4875
-2021.4875
-2021.4875
-2019.8575
-2019.35
-2015.6175
-2015.6175
-2015.6175
-2015.6175
-2015.6175
-2015.6175
-2015.6175
-2015.6175
-2015.6175
-2012.365
-2012.2525
-2012.2525
-2008.6
-2008.6
-2008.6
-2008.6
-2008.6
-2008.6
-2008.6
-2008.6
-2008.6
-2007.635
-2007.635
-2007.635
-2007.635
-2007.635
-2007.635
-2007.505
-2007.505
-2007.505
-2007.505
-2007.505
-2007.505
-2007.505
-2007.505
-2007.505
-2007.505
-2007.505
-2007.505
-2007.505
-2007.505
-2007.505
-2007.505
-2007.505
-2007.505
-2007.505
-2007.505
-2007.505
-2007.505
-2007.505
-2007.505
-2007.505
-2007.505
-2006.6525
-2006.6525
-2006.6525
-2006.6525
-2005.5025
