-2363.545
-2289.835
-2251.1925
-2223.005
-2223.005
-2214.5325
-2202.905
-2202.905
-2196.4575
-2188.4325
-2188.4325
-2188.4325
-2188.4325
-2188.4325
-2176.945
-2176.945
-2176.945
-2176.945
-2176.945
-2176.945
-2176.945
-2175.7875
-2175.7875
-2174.83
-2174.83
-2174.83
-2174.83
-2172.805
-2172.805
-2172.805
-2172.805
-2172.805
-2169.3775
-2169.3775
-2169.3775
-2169.3775
-2169.3775
-2169.3775
-2169.3775
-2169.3775
-2169.3775
-2169.3775
-2166.4
-2166.4
-2166.4
-2164.395
-2164.395
-2164.395
-2164.395
-2164.395
-2164.395
-2164.395
-2164.395
-2164.395
-2164.395
-2164.395
-2164.395
-2164.395
-2164.395
-2164.395
-2164.395
-2164.395
-2164.395
-2164.395
-2164.395
-2164.395
-2164.395
-2164.395
-2164.395
-2164.395
-2164.395
-2164.395
-2164.395
-2164.395
-2164.395
-2164.395
-2164.395
-2164.395
-2164.395
-2164.395
-2164.395
